7 10 1
0.053575 7.136210 0.413226 74.730469 2281289.628040 0.053575 7.136210 0.413226 74.730469 2281289.628040
1.0
0.179947 5.563936 0.545729 63.164129 729912.203687 0.179947 5.563936 0.545729 63.164129 729912.203687
1.0
0.128614 5.655020 0.550193 75.614959 651983.457353 0.128614 5.655020 0.550193 75.614959 651983.457353
1.0
0.149236 5.196321 0.580947 58.698808 624986.467002 0.149236 5.196321 0.580947 58.698808 624986.467002
0.95
0.241634 5.161168 0.612720 54.698329 614237.363103 0.296162 4.748856 0.648045 57.399700 566856.928591
0.95
0.069504 6.355293 0.476936 55.703442 1017615.462848 0.152133 5.453329 0.555022 55.881901 541635.442447
0.95
0.084327 6.062665 0.479413 65.075880 1238768.255979 0.158714 5.342523 0.550727 84.138244 775472.314115
0.95
